3.0 21962
5.0 21902
4.0 21811
6.0 21805
7.0 20945
8.0 20685
2.0 20664
9.0 19527
11.0 18790
10.0 18736
12.0 17360
13.0 16669
14.0 15972
15.0 15413
1.0 15283
16.0 14864
17.0 13693
18.0 13170
19.0 12485
20.0 11657
21.0 10933
22.0 10602
23.0 9911
24.0 9070
25.0 8591
26.0 7749
27.0 7336
28.0 6905
29.0 6679
30.0 5896
31.0 5630
32.0 5309
33.0 4903
34.0 4686
35.0 4282
36.0 4058
37.0 3583
4.5 3561
3.5 3487
5.5 3435
8.5 3273
7.5 3231
38.0 3190
0.0 3141
9.5 3055
39.0 2970
6.5 2962
10.5 2838
40.0 2808
2.5 2787
11.5 2779
12.5 2713
13.5 2651
41.0 2538
16.5 2357
42.0 2302
14.5 2290
15.5 2231
17.5 2223
43.0 2175
19.5 2158
44.0 1990
18.5 1979
1.5 1967
45.0 1891
21.5 1736
46.0 1735
20.5 1664
48.0 1605
47.0 1560
23.5 1557
22.5 1548
24.5 1499
49.0 1356
50.0 1353
26.5 1332
25.5 1290
51.0 1159
0.5 1155
27.5 1138
28.5 1059
30.5 1049
29.5 1030
52.0 1024
53.0 985
31.5 908
54.0 894
33.5 806
55.0 804
56.0 756
32.5 746
57.0 710
34.5 690
59.0 664
36.5 648
35.5 636
58.0 630
38.5 566
62.0 548
60.0 530
61.0 529
37.5 503
39.5 476
42.5 433
40.5 429
44.5 407
64.0 405
63.0 400
67.0 400
65.0 381
41.5 367
45.5 366
43.5 335
71.0 293
66.0 290
68.0 279
47.5 270
49.5 257
46.5 256
70.0 255
72.0 240
50.5 234
48.5 225
69.0 222
51.5 210
75.0 207
74.0 201
54.5 178
82.0 168
73.0 163
77.0 163
53.5 161
78.0 160
52.5 157
85.0 152
57.5 150
79.0 145
56.5 141
55.5 140
76.0 140
59.5 131
58.5 121
62.5 114
80.0 105
100.0 104
83.0 104
60.5 100
87.0 100
84.0 97
88.0 97
90.0 96
92.0 88
81.0 87
94.0 85
93.0 80
89.0 79
97.0 77
103.0 76
110.0 76
91.0 76
65.5 74
64.5 68
86.0 66
99.0 63
70.5 62
105.0 60
113.0 59
115.0 57
63.5 57
68.5 56
76.5 56
67.5 55
96.0 55
61.5 54
66.5 54
109.0 52
95.0 52
69.5 49
102.0 48
98.0 42
108.0 40
118.0 40
117.5 39
77.5 39
87.5 38
72.5 37
107.0 35
114.0 35
116.0 35
125.0 35
147.0 35
120.0 34
78.5 32
101.0 31
126.0 31
122.0 30
135.0 30
71.5 30
85.5 30
98.5 29
106.0 28
81.5 28
159.0 27
104.0 25
74.5 24
86.5 24
132.0 23
133.0 23
128.0 22
82.5 22
121.0 21
75.5 21
144.0 20
80.5 20
97.5 20
123.0 19
124.0 19
143.5 19
104.5 18
73.5 18
83.5 18
84.5 18
101.5 17
119.0 17
138.0 17
139.0 17
123.5 16
200.0 16
95.5 16
129.0 15
130.0 15
109.5 14
111.0 14
127.0 14
130.5 14
131.0 14
140.0 14
173.0 14
205.0 14
91.5 14
105.5 13
112.0 13
163.0 13
192.0 13
88.5 13
151.0 12
167.0 12
89.5 12
92.5 12
115.5 11
145.5 11
153.0 11
169.0 11
120.5 10
124.5 10
141.0 10
152.0 10
155.0 10
157.5 10
176.0 10
178.0 10
179.0 10
183.0 10
184.0 10
94.5 10
96.5 10
112.5 9
138.5 9
142.5 9
143.0 9
182.0 9
300.0 9
90.5 9
93.5 9
145.0 8
186.0 8
243.0 8
79.5 8
99.5 8
102.5 7
103.5 7
116.5 7
154.0 7
160.0 7
170.0 7
264.0 7
333.0 7
108.5 6
117.0 6
155.5 6
157.0 6
203.0 6
321.5 6
111.5 5
134.0 5
141.5 5
148.0 5
156.0 5
165.0 5
185.0 5
192.5 5
208.0 5
210.0 5
232.0 5
273.0 5
304.0 5
100.5 4
106.5 4
113.5 4
125.5 4
135.5 4
139.5 4
154.5 4
156.5 4
167.5 4
201.0 4
216.0 4
225.0 4
277.5 4
288.0 4
114.5 3
121.5 3
127.5 3
136.0 3
149.5 3
153.5 3
166.0 3
175.5 3
188.5 3
195.0 3
204.0 3
206.0 3
247.0 3
257.0 3
260.0 3
292.5 3
311.0 3
330.0 3
107.5 2
110.5 2
118.5 2
119.5 2
128.5 2
137.0 2
137.5 2
142.0 2
146.0 2
150.0 2
162.5 2
168.0 2
172.5 2
176.5 2
180.0 2
180.5 2
189.0 2
193.5 2
197.0 2
205.5 2
234.0 2
236.0 2
268.0 2
280.0 2
283.5 2
326.0 2
126.5 1
140.5 1
158.0 1
161.5 1
162.0 1
187.0 1
194.5 1
196.0 1
202.5 1
209.0 1
212.5 1
218.0 1
220.0 1
227.0 1
249.0 1
272.0 1
275.0 1
296.0 1
302.0 1
318.0 1
324.0 1
335.5 1
madeupword0000 0
madeupword0001 0
