2.0 279133
3.0 273923
4.0 261846
5.0 248398
6.0 245528
8.0 241103
7.0 233795
9.0 221464
10.0 209805
11.0 202505
12.0 192167
1.0 191113
13.0 184186
14.0 181828
15.0 170012
16.0 165106
17.0 154979
18.0 149818
19.0 144184
20.0 135310
21.0 128476
22.0 122094
23.0 116585
24.0 110241
25.0 104508
26.0 97877
27.0 91622
28.0 85295
29.0 80470
30.0 76793
0.0 75295
31.0 69272
32.0 65723
33.0 61490
34.0 56993
35.0 53555
36.0 49247
37.0 44927
38.0 41542
39.0 39069
40.0 35044
41.0 32008
42.0 30882
43.0 27516
44.0 25063
45.0 23084
46.0 21422
47.0 19768
48.0 17738
49.0 16189
50.0 14655
51.0 13781
52.0 12398
53.0 10994
54.0 10304
55.0 9011
56.0 8301
57.0 7783
58.0 6879
59.0 6148
60.0 5943
61.0 5359
62.0 4645
63.0 4389
64.0 3906
65.0 3371
66.0 3170
67.0 2840
68.0 2622
69.0 2372
70.0 2085
71.0 1891
73.0 1756
72.0 1581
74.0 1312
76.0 1154
77.0 1130
75.0 1116
78.0 910
79.0 784
80.0 700
81.0 569
83.0 507
82.0 498
84.0 387
86.0 352
85.0 328
88.0 229
89.0 221
87.0 201
91.0 177
90.0 130
92.0 129
96.0 107
95.0 105
97.0 94
94.0 88
93.0 84
100.0 55
103.0 44
105.0 38
101.0 35
99.0 33
107.0 27
98.0 27
106.0 21
111.0 21
120.0 18
102.0 17
104.0 17
109.0 12
118.0 11
114.0 9
108.0 8
126.0 8
112.0 7
129.0 7
127.0 6
144.0 6
119.0 5
128.0 5
134.0 5
136.0 5
110.0 4
121.0 4
124.0 4
135.0 4
149.0 4
143.0 3
116.0 2
117.0 2
113.0 1
122.0 1
125.0 1
137.0 1
madeupword0000 0
madeupword0001 0
madeupword0002 0
madeupword0003 0
madeupword0004 0
