3.0 22657
6.0 22330
4.0 22142
5.0 21931
7.0 21541
2.0 21486
8.0 20752
9.0 20248
11.0 18976
10.0 18963
12.0 17415
13.0 17093
14.0 16155
1.0 15771
15.0 15353
16.0 14940
17.0 13820
18.0 13339
19.0 12594
20.0 11268
21.0 11130
22.0 10683
23.0 9610
24.0 8533
25.0 8402
26.0 7846
27.0 7311
28.0 6903
29.0 6585
30.0 5979
31.0 5432
32.0 5388
33.0 4647
34.0 4444
35.0 4070
36.0 3596
37.0 3427
0.0 3198
38.0 3128
4.5 3109
3.5 2998
5.5 2944
7.5 2829
39.0 2809
40.0 2804
8.5 2729
9.5 2527
6.5 2518
10.5 2509
41.0 2460
11.5 2411
42.0 2323
2.5 2238
13.5 2225
12.5 2152
14.5 1975
16.5 1950
43.0 1937
15.5 1882
44.0 1821
45.0 1821
18.5 1778
17.5 1774
19.5 1731
1.5 1691
47.0 1635
46.0 1573
21.5 1565
20.5 1447
23.5 1377
22.5 1356
48.0 1348
24.5 1288
49.0 1239
50.0 1200
25.5 1114
0.5 1108
51.0 1096
26.5 998
53.0 989
27.5 939
52.0 929
28.5 863
29.5 854
54.0 841
56.0 775
30.5 757
55.0 728
57.0 694
33.5 692
32.5 665
34.5 657
58.0 651
31.5 640
59.0 553
35.5 550
36.5 546
60.0 503
61.0 472
37.5 467
38.5 418
64.0 410
63.0 394
62.0 391
39.5 380
40.5 341
42.5 341
66.0 320
44.5 305
41.5 295
45.5 290
43.5 287
67.0 279
69.0 276
68.0 272
47.5 271
65.0 256
70.0 234
48.5 229
72.0 224
71.0 221
46.5 215
49.5 186
54.5 176
75.0 169
76.0 169
50.5 165
81.0 160
78.0 152
79.0 143
73.0 141
74.0 140
77.0 136
53.5 129
51.5 123
87.0 121
52.5 116
82.0 108
84.0 103
86.0 102
88.0 102
91.0 102
80.0 100
55.5 99
58.5 97
92.0 94
85.0 91
89.0 90
57.5 86
56.5 84
83.0 83
93.0 83
61.5 81
112.0 80
59.5 80
60.5 80
97.0 73
63.5 69
94.0 69
62.5 68
65.5 68
98.0 67
90.0 60
100.0 55
69.5 55
64.5 53
68.5 51
109.0 49
104.0 47
108.0 46
105.0 45
74.5 43
96.0 43
106.0 42
67.5 41
102.0 40
99.0 39
107.0 38
115.0 35
75.5 35
110.0 33
71.5 33
101.0 32
103.0 32
66.5 31
84.5 31
80.5 30
121.0 29
146.0 29
111.0 28
114.0 28
119.0 28
125.0 28
124.0 26
82.5 26
112.5 25
113.0 25
134.0 24
72.5 24
95.0 23
77.5 22
128.0 21
130.0 21
138.0 21
127.0 19
158.0 19
117.0 18
90.5 18
92.5 18
151.0 17
93.5 17
96.5 17
85.5 16
88.5 16
94.5 16
108.5 15
118.0 15
120.0 15
129.0 15
136.0 15
153.0 15
175.0 15
116.0 14
131.0 14
139.0 14
176.0 14
78.5 14
103.5 13
115.5 13
122.0 13
123.0 13
126.0 13
182.0 13
79.5 13
124.5 12
129.5 12
144.0 12
73.5 12
81.5 12
83.5 12
91.5 12
105.5 11
121.5 11
137.0 11
142.0 11
164.0 11
166.0 11
181.0 11
116.5 10
151.5 10
201.0 10
98.5 10
101.5 9
107.5 9
110.5 9
117.5 9
135.0 9
141.5 9
142.5 9
156.5 9
159.0 9
189.0 9
297.0 9
113.5 8
140.0 8
143.5 8
148.0 8
197.0 8
198.0 8
203.0 8
239.0 8
141.0 7
143.0 7
145.0 7
149.0 7
155.0 7
260.0 7
330.0 7
89.5 7
97.5 7
119.5 6
132.0 6
133.0 6
163.0 6
168.0 6
179.0 6
184.0 6
318.5 6
99.5 6
100.5 5
111.5 5
122.5 5
126.5 5
134.5 5
138.5 5
140.5 5
154.5 5
156.0 5
160.0 5
161.0 5
192.0 5
199.0 5
200.0 5
206.0 5
228.0 5
269.0 5
284.0 5
301.0 5
76.5 5
86.5 5
87.5 5
95.5 5
104.5 4
106.5 4
150.5 4
171.0 4
172.0 4
174.0 4
183.0 4
184.5 4
212.0 4
221.0 4
273.5 4
118.5 3
120.5 3
135.5 3
147.0 3
148.5 3
149.5 3
157.0 3
163.5 3
167.0 3
170.0 3
178.0 3
179.5 3
188.0 3
191.5 3
193.0 3
204.0 3
243.0 3
253.0 3
256.0 3
289.0 3
308.0 3
327.0 3
70.5 3
102.5 2
109.5 2
123.5 2
130.5 2
150.0 2
154.0 2
161.5 2
168.5 2
169.5 2
173.0 2
194.0 2
196.5 2
230.0 2
232.0 2
264.0 2
276.0 2
279.5 2
323.0 2
125.5 1
127.5 1
137.5 1
152.0 1
177.0 1
180.0 1
185.0 1
198.5 1
207.0 1
208.5 1
214.0 1
216.0 1
223.0 1
245.0 1
268.0 1
271.0 1
293.0 1
299.0 1
315.0 1
321.0 1
332.5 1
madeupword0000 0
madeupword0001 0
madeupword0002 0
