2.0 233544
3.0 230482
4.0 218942
5.0 209048
6.0 208221
8.0 207830
7.0 199949
9.0 190650
10.0 177944
11.0 174156
12.0 165156
1.0 159938
13.0 158547
14.0 157253
15.0 147156
16.0 142805
17.0 132992
18.0 128949
19.0 124202
20.0 117046
21.0 111313
22.0 105839
23.0 100430
24.0 95026
25.0 90547
26.0 84781
27.0 78972
28.0 74076
29.0 69428
30.0 66486
31.0 60226
0.0 59968
32.0 57027
33.0 53113
34.0 49108
35.0 46143
4.5 43053
36.0 42670
3.5 42029
5.5 40062
37.0 38474
2.5 38282
6.5 37858
38.0 35633
7.5 35360
8.5 33947
39.0 33791
9.5 32356
10.5 31578
40.0 30419
11.5 29646
41.0 27936
12.5 27139
13.5 26533
42.0 26505
1.5 26336
14.5 25302
43.0 23906
15.5 23865
16.5 22946
17.5 21875
44.0 21717
18.5 21255
19.5 20322
45.0 19627
20.5 18967
46.0 18440
21.5 17751
47.0 17286
22.5 16906
23.5 16032
24.5 15760
48.0 15197
25.5 14657
49.0 13908
26.5 13703
27.5 12749
50.0 12634
28.5 12009
51.0 11800
29.5 11255
30.5 10758
52.0 10628
53.0 9608
31.5 9502
32.5 9081
54.0 8819
33.5 8669
34.5 8206
55.0 7835
35.5 7657
0.5 7361
56.0 7109
36.5 7069
57.0 6625
37.5 6473
38.5 6119
58.0 5787
39.5 5723
59.0 5296
60.0 5141
40.5 4841
61.0 4581
41.5 4480
42.5 4445
62.0 4007
63.0 3853
43.5 3833
44.5 3497
64.0 3343
45.5 3330
46.5 3300
65.0 2876
66.0 2798
47.5 2784
48.5 2673
67.0 2423
49.5 2378
68.0 2156
50.5 2109
51.5 2099
69.0 1949
52.5 1850
70.0 1838
54.5 1607
71.0 1520
53.5 1495
73.0 1487
72.0 1323
55.5 1304
56.5 1206
57.5 1183
58.5 1179
74.0 1106
75.0 996
59.5 968
76.0 961
77.0 897
61.5 820
60.5 797
78.0 762
62.5 700
79.0 646
63.5 644
64.5 566
80.0 558
65.5 484
66.5 476
81.0 469
83.0 465
68.5 445
82.0 414
69.5 411
70.5 406
67.5 399
71.5 340
72.5 301
85.0 299
73.5 282
86.0 269
84.0 261
77.5 239
76.5 215
89.0 209
74.5 202
87.0 197
79.5 184
88.0 172
91.0 153
78.5 150
75.5 131
84.5 124
90.0 111
81.5 110
80.5 109
92.0 83
95.0 83
82.5 82
93.0 75
83.5 72
97.0 65
94.0 62
85.5 61
96.0 58
86.5 56
97.5 52
88.5 52
92.5 49
98.0 36
89.5 33
100.0 31
91.5 28
101.0 27
103.0 26
96.5 26
103.5 24
90.5 23
94.5 23
87.5 22
106.0 22
105.0 21
102.0 21
95.5 20
93.5 18
120.0 18
99.0 16
108.0 16
111.0 16
101.5 15
105.5 12
100.5 12
108.5 12
99.5 11
119.0 11
109.5 9
127.0 9
107.0 9
104.0 9
112.0 8
104.5 7
137.0 6
131.0 6
129.0 6
144.5 6
120.5 5
128.0 5
134.5 5
125.0 5
115.5 5
116.0 4
110.5 4
112.5 4
150.0 4
122.0 4
136.0 4
107.5 3
113.0 3
143.5 3
102.5 2
106.5 2
98.5 2
117.5 2
118.0 2
122.5 1
113.5 1
madeupword0000 0
madeupword0001 0
madeupword0002 0
madeupword0003 0
madeupword0004 0
madeupword0005 0
madeupword0006 0
